000: 
001: (8,0,3)
002: (9,1,0)
003: (9,3,8), (9,1,3)
004: (10,2,1)
005: (1,8,0), (3,10,2), (1,10,8), (3,8,10), (3,1,0)
006: (2,9,10), (2,0,9)
007: (8,9,10), (8,2,3), (8,10,2)
008: (11,3,2)
009: (2,8,0), (2,11,8)
010: (0,11,3), (2,9,1), (0,9,11), (2,11,9), (2,0,3)
011: (8,9,11), (1,11,9), (1,2,11)
012: (3,10,11), (3,1,10)
013: (8,10,11), (0,10,8), (0,1,10)
014: (9,10,11), (0,11,3), (0,9,11)
015: (9,11,8), (9,10,11)
016: (8,7,4)
017: (4,3,7), (4,0,3)
018: (9,7,4), (0,7,1), (9,1,7), (0,9,4), (0,8,7)
019: (1,3,7), (4,1,7), (4,9,1)
020: (8,1,4), (10,4,1), (2,1,8), (7,4,10), (7,10,2), (7,2,8)
021: (10,7,4), (10,4,1), (0,1,4), (2,7,10), (2,3,7), (2,1,0)
022: (7,10,2), (7,2,8), (0,8,2), (4,10,7), (4,9,10), (4,8,0)
023: (2,3,7), (10,4,9), (10,2,7), (10,7,4)
024: (11,4,2), (3,4,8), (11,7,4), (3,2,4), (3,7,11)
025: (0,2,4), (11,4,2), (11,7,4)
026: (3,0,8), (9,7,4), (7,3,8), (1,0,3), (9,1,2), (9,2,11), (9,11,7), (9,8,0)
027: (2,9,1), (2,11,7), (2,7,4), (2,4,9)
028: (4,8,1), (3,1,8), (10,7,4), (10,4,1), (11,7,10), (11,3,8)
029: (10,4,1), (0,1,4), (7,4,10), (7,10,11)
030: (4,9,10), (3,0,8), (7,4,10), (7,10,11), (4,8,0), (7,3,8)
031: (10,4,9), (10,11,7), (10,7,4)
032: (9,4,5)
033: (9,3,5), (4,3,8), (9,0,3), (4,5,3), (4,0,9)
034: (4,1,0), (4,5,1)
035: (1,3,5), (8,5,3), (8,4,5)
036: (10,4,5), (1,4,2), (10,2,4), (1,10,5), (1,9,4)
037: (1,9,0), (3,10,2), (5,9,1), (8,0,9), (3,8,4), (3,4,5), (3,5,10), (3,1,0)
038: (0,4,2), (10,4,5), (10,2,4)
039: (8,2,3), (8,4,5), (8,5,10), (8,10,2)
040: (9,2,5), (11,5,2), (3,2,9), (4,5,11), (4,11,3), (4,3,9)
041: (5,2,11), (5,9,2), (0,2,9), (4,5,11), (4,11,8), (4,0,9)
042: (11,4,5), (11,5,2), (11,3,4), (0,4,3), (1,2,5), (1,0,3)
043: (11,4,5), (11,5,2), (1,2,5), (8,4,11)
044: (9,3,1), (4,5,11), (4,11,3), (4,3,9), (10,11,5), (10,9,1)
045: (4,11,8), (1,9,0), (5,11,4), (5,10,11), (4,0,9), (5,9,1)
046: (11,3,4), (0,4,3), (5,10,11), (5,11,4)
047: (4,5,11), (10,11,5), (8,4,11)
048: (9,7,5), (9,8,7)
049: (3,7,5), (9,3,5), (9,0,3)
050: (1,7,5), (8,1,0), (8,7,1)
051: (7,1,3), (7,5,1)
052: (10,7,5), (1,9,8), (2,1,8), (2,8,7), (2,7,10), (1,10,5)
053: (2,7,10), (2,3,7), (5,10,7), (1,9,0), (1,3,2), (1,10,5)
054: (7,2,8), (0,8,2), (10,2,7), (10,7,5)
055: (10,7,5), (2,7,10), (3,7,2)
056: (11,5,2), (7,5,11), (9,8,3), (9,3,2), (9,2,5), (8,7,11)
057: (5,9,2), (0,2,9), (11,7,5), (11,5,2)
058: (11,5,2), (1,2,5), (7,5,11), (3,0,8), (3,2,1), (3,7,11)
059: (11,5,2), (11,7,5), (1,2,5)
060: (3,9,8), (7,10,11), (3,1,9), (7,5,10), (7,3,8)
061: (11,5,10), (1,9,0), (11,7,5), (1,10,5)
062: (10,7,5), (3,0,8), (10,11,7), (3,7,11)
063: (7,10,11), (7,5,10)
064: (10,5,6)
065: (10,0,3), (5,8,0), (5,0,10), (6,3,8), (6,8,5), (6,10,3)
066: (10,0,6), (5,0,9), (10,1,0), (5,6,0), (5,1,10)
067: (10,1,3), (6,10,3), (8,9,5), (8,5,6), (8,6,3), (5,1,10)
068: (5,2,1), (5,6,2)
069: (8,5,6), (8,6,3), (2,3,6), (0,5,8), (0,1,5), (0,3,2)
070: (0,6,2), (5,0,9), (5,6,0)
071: (8,5,6), (3,8,6), (3,6,2), (9,5,8)
072: (10,3,2), (11,5,6), (10,5,3), (11,3,5), (11,10,2)
073: (5,0,10), (2,10,0), (8,5,6), (8,0,5), (11,8,6), (11,10,2)
074: (2,10,1), (5,0,9), (2,0,3), (2,11,6), (5,6,11), (5,11,3), (5,3,0), (5,1,10)
075: (2,10,1), (6,11,8), (5,6,8), (5,8,9), (6,10,2), (5,1,10)
076: (1,5,3), (11,5,6), (11,3,5)
077: (6,11,8), (6,8,5), (0,5,8), (0,1,5)
078: (9,3,0), (9,5,6), (9,6,11), (9,11,3)
079: (5,8,9), (6,8,5), (6,11,8)
080: (5,8,10), (7,10,8), (5,4,8), (7,4,5), (7,6,10)
081: (10,5,0), (4,0,5), (3,10,0), (6,10,3), (6,3,7), (6,4,5)
082: (8,1,0), (5,4,9), (8,7,6), (8,6,10), (8,10,1), (8,9,4), (5,6,7), (5,1,10)
083: (3,10,1), (3,7,6), (3,6,10), (5,4,9), (5,6,7), (5,1,10)
084: (2,1,8), (2,8,7), (4,8,1), (4,1,5), (6,2,7), (6,4,5)
085: (3,6,2), (1,4,0), (3,7,6), (1,5,4), (1,3,2)
086: (7,2,8), (0,8,2), (6,2,7), (5,4,9), (4,8,0), (5,6,7)
087: (9,5,4), (3,6,2), (3,7,6)
088: (10,3,2), (7,6,11), (10,5,4), (10,4,8), (10,8,3), (10,11,6), (7,4,5), (7,3,8)
089: (2,10,0), (7,6,11), (5,4,0), (5,0,10), (2,11,6), (5,6,7)
090: (3,0,8), (2,10,1), (5,4,9), (7,6,11), (4,8,0), (2,0,3), (2,11,6), (5,1,10), (7,4,5), (7,3,8)
091: (9,5,4), (2,10,1), (6,11,7), (9,1,10), (6,10,2), (6,4,5)
092: (1,4,8), (3,1,8), (5,4,1), (7,6,11), (7,4,5), (7,3,8)
093: (5,0,1), (6,11,7), (5,4,0), (6,4,5)
094: (3,0,8), (5,4,9), (7,6,11), (4,8,0), (7,4,5), (7,3,8)
095: (9,5,4), (6,11,7)
096: (6,9,4), (6,10,9)
097: (3,6,10), (8,6,3), (0,3,10), (0,10,9), (4,6,8), (4,0,9)
098: (6,0,4), (1,6,10), (1,0,6)
099: (3,10,1), (6,8,4), (6,10,3), (6,3,8)
100: (2,4,6), (9,2,1), (9,4,2)
101: (8,6,3), (2,3,6), (4,6,8), (1,9,0), (4,0,9), (1,3,2)
102: (2,4,6), (2,0,4)
103: (8,4,6), (3,8,6), (3,6,2)
104: (3,2,9), (10,9,2), (4,6,11), (4,11,3), (4,3,9), (6,10,2)
105: (8,6,11), (9,2,10), (8,4,6), (9,4,8), (9,0,2)
106: (11,3,4), (0,4,3), (6,11,4), (2,10,1), (2,0,3), (2,11,6)
107: (2,10,1), (6,8,4), (6,10,2), (6,11,8)
108: (3,1,9), (3,9,4), (3,4,11), (6,11,4)
109: (11,4,6), (1,9,0), (4,0,9), (11,8,4)
110: (11,3,4), (0,4,3), (6,11,4)
111: (6,8,4), (6,11,8)
112: (8,10,9), (8,6,10), (8,7,6)
113: (3,6,10), (0,3,10), (0,10,9), (7,6,3)
114: (8,1,0), (8,7,6), (8,6,10), (8,10,1)
115: (3,10,1), (3,7,6), (3,6,10)
116: (2,8,7), (1,8,2), (1,9,8), (6,2,7)
117: (7,2,3), (1,9,0), (7,6,2), (1,3,2)
118: (7,2,8), (0,8,2), (6,2,7)
119: (3,6,2), (3,7,6)
120: (2,9,3), (2,10,9), (8,3,9), (7,6,11), (2,11,6), (7,3,8)
121: (10,0,2), (6,11,7), (10,9,0), (6,10,2)
122: (3,0,8), (2,10,1), (7,6,11), (2,0,3), (2,11,6), (7,3,8)
123: (2,10,1), (7,6,11), (6,10,2)
124: (1,8,3), (7,6,11), (1,9,8), (7,3,8)
125: (7,6,11), (1,9,0)
126: (3,0,8), (7,6,11), (7,3,8)
127: (6,11,7)
128: (11,6,7)
129: (11,0,3), (8,6,7), (11,6,0), (8,0,6), (8,11,3)
130: (11,6,1), (11,1,0), (7,11,0), (9,6,7), (9,7,0), (9,1,6)
131: (6,1,11), (3,11,1), (9,6,7), (9,7,8), (9,1,6), (8,11,3)
132: (10,7,1), (2,7,11), (10,6,7), (2,1,7), (2,6,10)
133: (3,11,2), (7,10,6), (6,2,11), (3,1,0), (7,8,0), (7,0,1), (7,1,10), (7,11,3)
134: (7,11,0), (7,0,9), (7,9,6), (10,6,9), (2,0,11), (2,6,10)
135: (3,11,2), (6,7,9), (6,9,10), (8,9,7), (6,2,11), (8,11,3)
136: (6,3,2), (6,7,3)
137: (0,2,6), (7,0,6), (7,8,0)
138: (9,6,7), (0,9,7), (0,7,3), (1,6,9), (1,2,6), (1,0,3)
139: (9,6,7), (9,7,8), (9,1,6), (2,6,1)
140: (1,7,3), (6,1,10), (6,7,1)
141: (8,6,7), (8,0,1), (8,1,10), (8,10,6)
142: (9,6,7), (0,9,7), (0,7,3), (10,6,9)
143: (6,7,9), (6,9,10), (8,9,7)
144: (6,8,11), (6,4,8)
145: (0,6,4), (11,0,3), (11,6,0)
146: (1,11,6), (9,1,6), (0,11,1), (0,8,11), (4,9,6), (4,8,0)
147: (1,3,11), (6,4,9), (6,9,1), (6,1,11)
148: (10,4,1), (6,4,10), (8,2,1), (8,1,4), (11,2,8), (11,6,10)
149: (10,4,1), (0,1,4), (6,4,10), (3,11,2), (6,2,11), (3,1,0)
150: (9,6,4), (8,2,0), (9,10,6), (8,11,2), (8,9,4)
151: (6,9,10), (3,11,2), (6,4,9), (6,2,11)
152: (2,6,4), (8,2,4), (8,3,2)
153: (2,4,0), (2,6,4)
154: (1,6,9), (1,2,6), (4,9,6), (3,0,8), (4,8,0), (3,2,1)
155: (9,1,6), (9,6,4), (2,6,1)
156: (4,8,1), (4,1,10), (3,1,8), (6,4,10)
157: (10,4,1), (0,1,4), (6,4,10)
158: (10,4,9), (3,0,8), (4,8,0), (10,6,4)
159: (6,9,10), (6,4,9)
160: (4,11,9), (6,9,11), (4,7,11), (6,5,9), (6,7,4)
161: (7,8,4), (5,11,6), (4,0,9), (7,11,3), (5,9,0), (5,0,3), (5,3,11), (5,7,4)
162: (5,1,6), (11,6,1), (11,1,0), (11,0,7), (4,7,0), (4,5,6)
163: (3,11,1), (7,8,4), (6,5,1), (6,1,11), (7,11,3), (6,7,4)
164: (9,2,1), (6,5,10), (9,4,7), (9,7,11), (9,11,2), (9,10,5), (6,7,4), (6,2,11)
165: (1,9,0), (3,11,2), (7,8,4), (6,5,10), (4,0,9), (1,10,5), (3,1,0), (7,11,3), (6,7,4), (6,2,11)
166: (7,11,0), (7,0,4), (2,0,11), (6,5,10), (6,7,4), (6,2,11)
167: (8,4,7), (3,11,2), (10,6,5), (3,8,7), (10,2,11)
168: (5,9,2), (5,2,6), (3,2,9), (4,7,3), (4,3,9), (4,5,6)
169: (0,2,9), (5,2,6), (5,9,2), (7,8,4), (4,0,9), (7,5,6)
170: (7,0,4), (6,1,2), (7,3,0), (1,0,3), (6,5,1), (6,7,4)
171: (8,4,7), (5,2,6), (5,7,4), (5,1,2)
172: (3,1,9), (3,9,4), (3,4,7), (6,5,10), (5,9,1), (6,7,4)
173: (1,9,0), (7,8,4), (6,5,10), (4,0,9), (1,10,5), (6,7,4)
174: (7,0,4), (6,5,10), (7,3,0), (6,7,4)
175: (8,4,7), (10,6,5)
176: (8,11,9), (5,11,6), (5,9,11)
177: (3,9,0), (3,11,6), (3,6,5), (3,5,9)
178: (1,6,5), (1,0,11), (1,11,6), (8,11,0)
179: (1,3,11), (6,5,1), (6,1,11)
180: (2,8,11), (6,5,10), (1,8,2), (1,9,8), (6,2,11), (1,10,5)
181: (1,9,0), (3,11,2), (6,5,10), (1,10,5), (3,1,0), (6,2,11)
182: (11,0,8), (6,5,10), (11,2,0), (6,2,11)
183: (3,11,2), (6,5,10), (6,2,11)
184: (2,9,3), (8,3,9), (5,9,2), (5,2,6)
185: (0,2,9), (5,2,6), (5,9,2)
186: (6,1,2), (3,0,8), (6,5,1), (3,2,1)
187: (6,1,2), (6,5,1)
188: (10,6,5), (1,8,3), (1,9,8), (1,10,5)
189: (1,9,0), (6,5,10), (1,10,5)
190: (6,5,10), (3,0,8)
191: (6,5,10)
192: (7,10,5), (7,11,10)
193: (0,3,10), (11,10,3), (5,7,8), (5,8,0), (5,0,10), (7,11,3)
194: (0,11,1), (10,1,11), (7,11,0), (7,0,9), (7,9,5), (5,1,10)
195: (3,10,1), (8,5,7), (3,11,10), (5,1,10), (8,9,5)
196: (1,5,7), (11,1,7), (11,2,1)
197: (0,5,8), (0,1,5), (7,8,5), (3,11,2), (3,1,0), (3,8,7)
198: (2,0,11), (7,9,5), (7,11,0), (7,0,9)
199: (3,11,2), (8,5,7), (8,9,5)
200: (5,7,3), (2,5,3), (2,10,5)
201: (0,2,10), (5,8,0), (5,0,10), (7,8,5)
202: (0,9,7), (0,7,3), (5,7,9), (2,10,1), (5,1,10), (2,0,3)
203: (2,10,1), (5,8,9), (5,7,8), (5,1,10)
204: (3,5,7), (3,1,5)
205: (0,5,8), (0,1,5), (7,8,5)
206: (0,9,7), (0,7,3), (5,7,9)
207: (9,7,8), (9,5,7)
208: (10,8,11), (4,10,5), (4,8,10)
209: (0,5,4), (10,5,0), (10,0,3), (10,3,11)
210: (0,8,11), (1,0,11), (1,11,10), (5,4,9), (4,8,0), (5,1,10)
211: (5,4,9), (3,10,1), (5,1,10), (3,11,10)
212: (4,1,5), (8,1,4), (2,1,8), (2,8,11)
213: (5,0,1), (3,11,2), (5,4,0), (3,1,0)
214: (11,0,8), (5,4,9), (11,2,0), (4,8,0)
215: (9,5,4), (3,11,2)
216: (8,5,4), (8,3,2), (8,2,10), (8,10,5)
217: (2,10,0), (5,4,0), (5,0,10)
218: (3,0,8), (2,10,1), (5,4,9), (4,8,0), (2,0,3), (5,1,10)
219: (9,5,4), (2,10,1), (9,1,10)
220: (1,4,8), (3,1,8), (5,4,1)
221: (5,0,1), (5,4,0)
222: (3,0,8), (5,4,9), (4,8,0)
223: (5,4,9)
224: (9,11,10), (4,11,9), (4,7,11)
225: (0,10,9), (3,10,0), (3,11,10), (7,8,4), (4,0,9), (7,11,3)
226: (0,7,11), (0,4,7), (1,0,11), (1,11,10)
227: (8,4,7), (3,10,1), (3,11,10), (3,8,7)
228: (9,2,1), (9,4,7), (9,7,11), (9,11,2)
229: (1,9,0), (3,11,2), (7,8,4), (4,0,9), (3,1,0), (7,11,3)
230: (7,11,0), (7,0,4), (2,0,11)
231: (3,11,2), (8,4,7)
232: (2,10,9), (3,2,9), (4,7,3), (4,3,9)
233: (10,0,2), (7,8,4), (10,9,0), (4,0,9)
234: (7,0,4), (2,10,1), (7,3,0), (2,0,3)
235: (2,10,1), (7,8,4)
236: (3,1,9), (3,9,4), (3,4,7)
237: (1,9,0), (7,8,4), (4,0,9)
238: (7,0,4), (7,3,0)
239: (7,8,4)
240: (9,11,10), (9,8,11)
241: (0,10,9), (3,10,0), (3,11,10)
242: (0,8,11), (1,0,11), (1,11,10)
243: (3,10,1), (3,11,10)
244: (1,9,8), (2,1,8), (2,8,11)
245: (1,9,0), (3,11,2), (3,1,0)
246: (11,0,8), (11,2,0)
247: (3,11,2)
248: (2,9,3), (2,10,9), (8,3,9)
249: (10,0,2), (10,9,0)
250: (3,0,8), (2,10,1), (2,0,3)
251: (2,10,1)
252: (1,8,3), (1,9,8)
253: (1,9,0)
254: (3,0,8)
255: 
